Channel Data Report             17/02/2022 11:00:10               Page  1


         *******************************************************
         *****   S P E C T R A L   D A T A   R E P O R T   *****
         *******************************************************


         Sample Title:   Sample title.                                 

         Elapsed Live time:     10684
         Elapsed Real Time:     10801

Channel|------|-------|-------|-------|-------|-------|-------|-------|
    1:       0       0       0       0       0       0       0     928
    9:   13337   11869   11381   11231   11125   11035   11074   11281
   17:   11316   11146   11104   11242   11208   11286   11237   11468
   25:   11382   11478   11480   11604   11469   11642   11627   11849
   33:   12143   12096   12212   12791   13209   13532   13421   13800
   41:   13741   13405   13418   13296   13104   12842   12803   12572
   49:   12664   12576   12599   12569   12653   12781   12925   13205
   57:   13250   13267   13364   13620   13486   13492   13510   13453
   65:   13267   13487   13451   13214   13225   13119   13139   13014
   73:   12942   13065   12812   13078   13198   13305   13213   13231
   81:   13089   13337   13431   13686   13707   13955   13982   14476
   89:   14888   15303   16120   16806   17295   18372   18753   19896
   97:   20906   21364   22065   22498   22598   22569   22369   22459
  105:   22212   21433   21174   20879   20380   20121   19395   19234
  113:   18981   18544   18004   17510   17455   17037   16657   16181
  121:   15876   15559   14847   14865   14318   14335   14009   13757
  129:   13611   13487   13446   13306   13186   13012   12993   12926
  137:   13132   13014   12976   12972   13171   12829   12739   12910
  145:   13049   12753   12928   12814   13011   13111   12982   13181
  153:   12757   13123   13164   13246   13111   13438   12979   13034
  161:   13114   13117   13203   13157   13416   13122   13371   13261
  169:   13311   13322   13215   13292   13464   13124   13275   13250
  177:   13321   13255   13304   13458   13525   13261   13538   13416
  185:   13613   13375   13677   13560   13335   13911   13575   13475
  193:   13572   13555   13913   13650   13818   13770   13670   13977
  201:   13846   13964   13884   13701   14309   14115   13964   13983
  209:   14333   14290   14121   14372   14327   14332   14270   14356
  217:   14454   14522   14471   14626   14619   14826   14868   15011
  225:   15051   15177   15055   15450   15249   15556   15266   15675
  233:   15812   15713   15677   15733   16108   16287   16150   16250
  241:   16296   16325   16367   16922   16894   16961   16877   16898
  249:   17067   17058   16976   17390   17399   17427   17387   17794
  257:   17431   17323   17231   17450   17700   17679   17331   17628
  265:   17761   17686   17734   17348   17367   17553   17485   17593
  273:   17274   17076   17206   17146   17013   17019   16931   16865
  281:   16970   16877   16700   16699   16674   16346   16603   16404
  289:   16421   16138   16103   15978   16028   16094   15680   15742
  297:   15804   15663   15422   15396   15362   15351   14912   15078
  305:   15058   14844   14867   15043   14783   14869   14563   14739
  313:   14871   14481   14373   14614   14450   14489   14141   14240
  321:   14222   14292   14058   14151   13935   13993   14049   13950
  329:   13731   13772   13721   13865   13589   13722   13765   13523
  337:   13747   13272   13352   13615   13420   13481   13111   13383
  345:   13274   13224   13253   13017   13297   13258   13165   13222
  353:   12957   13126   12735   12860   13098   12790   12824   12873
  361:   12817   12803   12616   12756   12845   13126   12885   12625
Channel Data Report             17/02/2022 11:00:10               Page  2

  369:   12925   12488   12647   12500   12634   12572   12430   12420

         Sample Title:   Sample title.                                 

Channel|------|-------|-------|-------|-------|-------|-------|-------|
  377:   12345   12691   12518   12506   12458   12390   12540   12629
  385:   12454   12437   12410   12434   12189   12531   12371   12516
  393:   12366   12487   12373   12366   12231   12317   12319   12336
  401:   12616   12267   12211   12147   12237   12055   12345   12512
  409:   12310   12238   12259   12388   12361   12318   12387   12154
  417:   12336   12393   12214   12301   12244   12093   12225   12092
  425:   12344   12064   12095   12190   12139   12223   12336   12376
  433:   12334   12400   12059   12451   12107   12262   12454   12203
  441:   12559   12208   12257   12204   12383   12581   12183   12306
  449:   12432   12482   12333   12288   12369   12440   12317   12493
  457:   12493   12350   12408   12443   12503   12308   12401   12525
  465:   12318   12368   12379   12616   12438   12514   12630   12615
  473:   12635   12672   12469   12712   12723   12654   12837   12945
  481:   12861   12723   12744   12717   12938   12881   12797   13006
  489:   13052   12853   13026   13033   13011   12904   12911   12949
  497:   13295   13246   13184   13235   13224   13239   13055   13222
  505:   13475   13245   13408   13233   13372   13213   13448   13403
  513:   13258   13426   13424   13600   13442   13315   13347   13558
  521:   13431   13507   13425   13348   13476   13438   13491   13482
  529:   13516   13385   13395   13392   13425   13207   13371   13332
  537:   13406   13145   13101   13253   13057   13040   13186   12879
  545:   12975   12890   12742   13016   12516   12641   12770   12647
  553:   12527   12317   12347   12233   12329   12096   12095   11663
  561:   11918   11721   11732   11760   11621   11542   11237   11147
  569:   11250   11029   11057   10719   10844   10697   10466   10466
  577:   10315   10277   10069   10034    9994    9959    9431    9623
  585:    9598    9500    9335    9120    9297    9177    8896    8978
  593:    8822    8540    8782    8666    8570    8241    8213    8106
  601:    8111    8046    7880    7981    7889    7749    7646    7551
  609:    7643    7470    7483    7080    7318    7230    7034    6985
  617:    6953    6814    6762    6730    6725    6684    6607    6482
  625:    6380    6375    6372    6290    6426    6290    6216    6058
  633:    6194    6108    6069    5970    5888    5885    5770    5715
  641:    5719    5639    5652    5593    5632    5472    5477    5471
  649:    5474    5405    5175    5246    5129    5237    5148    5379
  657:    5155    5179    4955    5072    4996    4883    4874    4963
  665:    4944    4866    4802    4846    4860    4812    4703    4653
  673:    4767    4732    4760    4732    4610    4507    4593    4528
  681:    4412    4665    4485    4412    4437    4453    4428    4329
  689:    4421    4368    4348    4421    4336    4393    4238    4275
  697:    4367    4294    4245    4335    4378    4364    4301    4370
  705:    4413    4297    4367    4482    4389    4480    4423    4426
  713:    4439    4381    4552    4441    4719    4593    4668    4989
  721:    4781    4899    4877    5102    5123    5104    5161    5363
  729:    5404    5443    5490    5636    5790    5862    6055    6123
  737:    6219    6227    6548    6561    6780    6893    6957    7053
  745:    7264    7608    7706    8020    8109    8229    8308    8604
  753:    8890    9074    9036    9318    9500    9703    9975   10160
  761:   10501   10557   10972   11072   11316   11551   11639   12029
  769:   12275   12624   12646   12944   13283   13408   13478   13946
  777:   14210   14125   14558   14720   15115   15393   15505   15739
  785:   16081   16378   16570   17036   17083   17281   17509   17863
  793:   18107   18197   18470   18626   19051   19054   19326   19535
Channel Data Report             17/02/2022 11:00:10               Page  3

  801:   19664   19574   19862   20242   20299   20627   20300   21055

         Sample Title:   Sample title.                                 

Channel|------|-------|-------|-------|-------|-------|-------|-------|
  809:   20981   21270   21154   21363   21392   21652   21426   21899
  817:   21999   21810   22006   21987   22039   22047   22061   22105
  825:   22385   22378   22229   22278   22278   22452   21983   22306
  833:   22340   22421   22093   22551   22396   22299   21826   22227
  841:   22037   21984   21828   21753   21934   21903   21868   21605
  849:   21764   21696   21571   21592   21367   21673   21185   21474
  857:   21241   21135   21099   21044   21159   21208   20631   20825
  865:   20721   20497   20406   20357   20308   20209   19951   20040
  873:   19874   19491   19401   19435   19394   18738   18762   18815
  881:   18344   18233   17967   17827   17685   17426   16935   16873
  889:   16606   16209   16252   15896   15573   15393   14794   14517
  897:   14030   13895   13478   13181   12929   12642   12087   11884
  905:   11562   11131   10923   10415   10102    9969    9477    9082
  913:    8430    8343    8012    7797    7354    7083    6670    6446
  921:    6078    6065    5602    5346    5086    4618    4490    4325
  929:    3983    3741    3609    3399    3220    3024    2793    2672
  937:    2381    2310    2130    1946    1820    1802    1595    1477
  945:    1415    1205    1106    1054    1052     929     850     707
  953:     716     652     588     583     465     443     392     402
  961:     337     321     283     240     272     191     200     179
  969:     171     154     132     119     117      88      85     105
  977:      75      71      61      83      65      65      52      54
  985:      52      47      51      41      41      42      43      30
  993:      41      51      36      40      32      33      38      40
 1001:      33      37      27      42      44      35      32      27
 1009:      24      29      33      27      38      31      26      37
 1017:      20      43      26      34      27      23      21      40
