Channel Data Report             17/02/2022 10:56:08               Page  1


         *******************************************************
         *****   S P E C T R A L   D A T A   R E P O R T   *****
         *******************************************************


         Sample Title:   Sample title.                                 

         Elapsed Live time:     72712
         Elapsed Real Time:     72722

Channel|------|-------|-------|-------|-------|-------|-------|-------|
    1:       0       0       0       0       0       0       0     534
    9:    5809    3642    2761    2176    1820    1680    1494    1471
   17:    1398    1443    1337    1323    1312    1276    1275    1274
   25:    1270    1275    1235    1229    1258    1218    1216    1280
   33:    1221    1283    1337    1421    1443    1602    1753    1706
   41:    1765    1797    1619    1704    1632    1544    1443    1444
   49:    1473    1381    1317    1387    1354    1262    1336    1380
   57:    1430    1406    1395    1477    1527    1521    1571    1492
   65:    1441    1488    1493    1482    1444    1464    1424    1416
   73:    1397    1449    1428    1497    1597    1548    1637    1481
   81:    1630    1589    1602    1729    1727    1740    1896    1916
   89:    2024    2122    2190    2393    2539    2629    2918    3058
   97:    3282    3382    3509    3751    3811    4072    4210    4100
  105:    4269    4068    3971    3922    3944    3838    3702    3734
  113:    3648    3567    3474    3447    3225    3305    3278    3304
  121:    3127    3089    3118    2984    2870    2924    2862    2810
  129:    2761    2704    2660    2708    2710    2676    2749    2782
  137:    2675    2752    2692    2757    2792    2700    2751    2733
  145:    2839    2754    2762    2700    2816    2877    2755    2829
  153:    2918    2864    2957    2830    3008    2971    2938    3038
  161:    2906    3001    3108    3003    3155    3049    3063    3114
  169:    3163    3147    3058    3191    3056    3221    3140    3110
  177:    3203    3135    3184    3165    3079    3205    3116    3079
  185:    3178    3075    3073    3072    2934    2976    3023    2997
  193:    3008    2978    3066    3034    2983    2921    2919    2949
  201:    3001    2927    2809    2903    2871    2866    2881    2817
  209:    2852    2788    2841    2713    2766    2659    2635    2703
  217:    2679    2717    2708    2686    2707    2669    2628    2730
  225:    2558    2646    2544    2641    2632    2536    2528    2692
  233:    2596    2534    2451    2549    2557    2444    2495    2522
  241:    2484    2404    2410    2426    2490    2477    2406    2461
  249:    2448    2330    2364    2331    2383    2318    2313    2477
  257:    2362    2273    2325    2295    2310    2303    2292    2438
  265:    2306    2205    2267    2205    2272    2197    2253    2231
  273:    2223    2160    2215    2138    2095    2086    2056    2076
  281:    2064    2129    2145    2118    1959    2057    2086    1918
  289:    2006    1969    2126    1998    1980    1915    1915    2035
  297:    1964    1956    2017    1899    1988    1961    1873    1944
  305:    1865    1830    1813    1921    1898    1847    1929    1902
  313:    1877    1866    1925    1907    1859    1893    1941    1913
  321:    1924    1951    1863    1837    1955    1956    1908    1945
  329:    1894    2023    2011    1944    1942    1987    1984    2008
  337:    2039    2145    2022    2108    2186    2228    2255    2245
  345:    2276    2331    2251    2406    2413    2475    2493    2476
  353:    2545    2514    2565    2593    2622    2601    2587    2644
  361:    2687    2711    2661    2798    2869    2798    2750    2838
Channel Data Report             17/02/2022 10:56:08               Page  2

  369:    2842    2765    2909    2903    2718    2895    2923    2937

         Sample Title:   Sample title.                                 

Channel|------|-------|-------|-------|-------|-------|-------|-------|
  377:    2901    2887    2926    2840    2842    2869    2885    2831
  385:    2892    2805    2805    2733    2761    2639    2720    2803
  393:    2633    2608    2578    2652    2558    2498    2444    2562
  401:    2473    2399    2320    2293    2311    2216    2198    2189
  409:    2210    2133    2010    1965    2017    1944    1991    1887
  417:    1888    1845    1780    1692    1679    1675    1607    1596
  425:    1554    1534    1526    1488    1385    1501    1434    1319
  433:    1388    1316    1324    1245    1309    1248    1248    1126
  441:    1202    1159    1204    1169    1106    1071    1172    1106
  449:    1126    1113    1106    1070    1094    1132    1031     979
  457:    1057    1081    1044    1031    1010    1035    1026    1044
  465:    1097    1067    1002    1012     968    1037    1045    1031
  473:     997    1009    1028    1011    1047    1045     978     992
  481:    1019     993    1035    1055    1058     975     950    1035
  489:    1049    1068    1020    1033     998     990    1013     993
  497:    1004    1016    1002     972    1006     993     957    1004
  505:    1012     972     936     966     996    1015     931     997
  513:    1013     935     955     966     953     936     919     931
  521:     925     965     893     960     898     907     906     918
  529:     860     854     887     859     852     859     861     838
  537:     845     850     837     830     824     796     812     860
  545:     788     795     782     787     809     858     821     823
  553:     746     770     738     813     817     771     735     770
  561:     731     717     759     713     715     758     713     774
  569:     796     711     702     686     687     777     707     725
  577:     716     747     704     676     699     676     732     695
  585:     707     709     697     724     704     670     689     687
  593:     712     663     687     670     739     617     648     648
  601:     651     641     696     624     693     633     645     636
  609:     682     620     624     633     616     669     656     631
  617:     633     592     584     545     566     637     599     642
  625:     604     609     612     640     543     584     591     553
  633:     561     534     566     560     520     568     555     534
  641:     563     540     569     514     570     519     543     545
  649:     544     525     527     534     520     486     518     528
  657:     534     509     491     500     469     481     498     492
  665:     508     484     459     495     436     493     433     474
  673:     442     468     435     444     423     483     469     416
  681:     399     398     408     415     448     437     417     461
  689:     424     434     442     402     400     421     410     407
  697:     376     425     377     391     416     370     360     408
  705:     395     388     378     397     356     396     365     403
  713:     356     402     376     377     358     350     368     322
  721:     377     362     328     370     382     343     337     353
  729:     358     329     375     361     349     343     346     349
  737:     351     328     330     365     343     379     358     327
  745:     338     343     339     285     350     345     322     315
  753:     328     312     329     327     284     321     335     331
  761:     305     333     386     311     351     344     341     310
  769:     357     328     329     336     314     283     345     323
  777:     325     332     291     354     359     284     332     321
  785:     303     295     320     325     299     320     296     314
  793:     325     310     309     342     299     325     312     280
Channel Data Report             17/02/2022 10:56:08               Page  3

  801:     305     291     321     324     304     303     263     306

         Sample Title:   Sample title.                                 

Channel|------|-------|-------|-------|-------|-------|-------|-------|
  809:     295     332     332     289     269     302     303     253
  817:     331     286     291     279     287     273     263     280
  825:     287     269     264     308     276     276     296     269
  833:     291     301     241     244     261     246     245     222
  841:     208     258     228     255     242     235     228     218
  849:     211     236     220     203     215     213     226     193
  857:     185     204     183     220     202     165     186     190
  865:     197     170     162     174     182     148     171     161
  873:     172     167     151     170     174     173     168     143
  881:     149     161     160     145     146     150     137     169
  889:     151     143     148     146     136     131     128     120
  897:     137     143     135     127     145     123     112     123
  905:     115     127     102     112     111     111     115     111
  913:     132     121     111     133     115     105     120     114
  921:     103     110     109     103      97     102      91     120
  929:      89     100     105      99     102      91      88      89
  937:     100      89     101     120      85      82     101      90
  945:      98      94     103      85      87      71     101      94
  953:      86     104      86     106      80      91      71      85
  961:      98      84      91     103      89      97      82      85
  969:      90      81      87      83      86      76      90      87
  977:      88      84      96      94      90      83      95      84
  985:      90      72      75      92      88      75      93      96
  993:     101      69      79      92      80      85      87      59
 1001:      84      75      94      84      89     104      87      81
 1009:      88      87      83      89      98      74      81      77
 1017:      79      76      92      86      75      99      73      61
