Channel Data Report             17/02/2022 10:52:08               Page  1


         *******************************************************
         *****   S P E C T R A L   D A T A   R E P O R T   *****
         *******************************************************


         Sample Title:   Sample title.                                 

         Elapsed Live time:     68219
         Elapsed Real Time:     68231

Channel|------|-------|-------|-------|-------|-------|-------|-------|
    1:       0       0       0       0       0       0       0     560
    9:    5549    3410    2519    2029    1782    1552    1472    1326
   17:    1243    1231    1232    1186    1220    1163    1161    1176
   25:    1124    1133    1182    1174    1163    1132    1169    1146
   33:    1202    1198    1299    1402    1450    1574    1685    1711
   41:    1773    1753    1685    1525    1503    1463    1385    1289
   49:    1347    1325    1249    1253    1257    1312    1242    1370
   57:    1368    1350    1437    1452    1434    1535    1435    1422
   65:    1482    1486    1458    1357    1450    1404    1410    1407
   73:    1443    1465    1498    1513    1553    1561    1617    1603
   81:    1761    1737    1750    1804    1836    1865    1976    1968
   89:    2050    2167    2392    2456    2580    2747    2871    2967
   97:    3283    3374    3477    3552    3806    3793    4030    3892
  105:    3880    3922    3865    3962    3708    3684    3588    3602
  113:    3535    3452    3630    3455    3375    3299    3137    3126
  121:    3126    3117    3038    2937    2917    2845    2839    2909
  129:    2810    2734    2782    2738    2681    2720    2746    2731
  137:    2800    2720    2831    2694    2695    2822    2760    2689
  145:    2927    2740    2830    2800    2823    2859    2919    2827
  153:    2919    2880    3044    2961    2881    3074    2853    2952
  161:    3012    3055    3052    3046    2979    3107    3051    3125
  169:    3094    3142    3089    3085    3070    3159    3101    3157
  177:    3210    3134    3161    3184    3133    3276    3225    3349
  185:    3223    3311    3347    3324    3373    3409    3290    3465
  193:    3352    3439    3438    3428    3456    3464    3476    3508
  201:    3536    3503    3551    3526    3576    3514    3620    3531
  209:    3688    3659    3650    3725    3622    3634    3522    3741
  217:    3630    3683    3626    3665    3617    3701    3739    3828
  225:    3808    3785    3741    3781    3729    3672    3685    3786
  233:    3904    3846    3774    3902    4003    4019    3953    3918
  241:    4014    4157    4002    4325    4214    4412    4418    4443
  249:    4455    4743    4657    4713    4893    4927    5163    5038
  257:    5129    5310    5387    5535    5525    5506    5686    5752
  265:    5795    5816    5863    5903    5984    5715    5972    5737
  273:    5883    5787    5648    5603    5525    5644    5448    5327
  281:    5285    5118    5201    5082    4978    4748    4768    4621
  289:    4639    4535    4307    4152    4378    4078    3848    3867
  297:    3835    3620    3640    3574    3277    3347    3156    3164
  305:    3157    2982    2886    2936    2773    2691    2700    2458
  313:    2514    2398    2314    2344    2331    2184    2145    2127
  321:    2144    2090    1937    1962    1908    1843    1837    1863
  329:    1842    1743    1751    1676    1778    1609    1598    1679
  337:    1565    1607    1574    1599    1524    1528    1452    1513
  345:    1451    1425    1414    1418    1423    1330    1314    1392
  353:    1368    1259    1288    1332    1308    1295    1268    1272
  361:    1253    1231    1313    1205    1224    1239    1237    1205
Channel Data Report             17/02/2022 10:52:08               Page  2

  369:    1199    1128    1181    1156    1140    1097    1137    1091

         Sample Title:   Sample title.                                 

Channel|------|-------|-------|-------|-------|-------|-------|-------|
  377:    1141    1144    1145    1062    1126    1112    1054    1028
  385:    1051    1060    1040    1049    1065    1028    1063    1120
  393:     987     948    1009     970    1044    1014     975    1058
  401:    1049    1052    1008    1069     988    1014    1012     943
  409:    1020    1055    1025     973    1021     961     961     998
  417:     944     968     966     921     943     921     951     892
  425:     981     952     904     965     911     898     873     945
  433:     946     915     903     918     923     952     907     924
  441:     892     960     906     885     893     887     842     877
  449:     916     896     932     891     888     859     817     831
  457:     882     840     901     819     882     843     857     846
  465:     862     846     844     789     837     846     878     837
  473:     848     857     812     800     781     815     873     829
  481:     828     845     839     793     801     815     790     793
  489:     825     807     810     805     788     821     784     801
  497:     819     817     789     838     849     727     807     805
  505:     768     774     793     774     752     841     787     754
  513:     795     768     780     725     752     777     811     802
  521:     737     801     776     760     751     744     794     752
  529:     718     733     739     726     772     750     765     687
  537:     723     741     712     721     719     712     658     639
  545:     714     713     670     725     722     695     692     633
  553:     660     707     682     671     695     728     675     644
  561:     699     699     695     652     661     697     622     684
  569:     639     712     657     681     690     661     592     647
  577:     645     646     658     680     656     643     591     614
  585:     628     656     590     635     660     624     605     630
  593:     585     630     569     610     623     628     579     605
  601:     608     627     559     573     660     621     610     617
  609:     621     544     637     559     579     599     578     629
  617:     576     613     563     596     565     595     605     594
  625:     574     570     583     562     594     554     570     540
  633:     579     568     608     530     568     531     537     581
  641:     589     544     561     544     526     559     586     563
  649:     583     525     541     573     535     514     529     577
  657:     563     585     538     544     545     560     587     593
  665:     566     540     532     546     585     541     551     579
  673:     574     535     569     544     549     555     555     532
  681:     540     577     562     538     564     538     559     560
  689:     581     566     559     511     552     531     549     526
  697:     501     580     576     581     524     555     564     565
  705:     529     562     487     512     561     524     525     538
  713:     572     535     563     529     550     598     523     577
  721:     538     534     549     580     516     589     544     582
  729:     538     549     540     530     585     578     574     587
  737:     524     569     574     575     592     606     583     572
  745:     569     553     556     608     581     576     611     617
  753:     613     617     593     614     635     622     638     617
  761:     634     635     633     648     655     631     596     620
  769:     644     642     606     665     611     604     615     644
  777:     676     621     661     664     689     644     660     667
  785:     634     688     644     703     712     656     668     676
  793:     666     695     691     665     757     668     651     698
Channel Data Report             17/02/2022 10:52:08               Page  3

  801:     711     676     679     698     640     660     681     680

         Sample Title:   Sample title.                                 

Channel|------|-------|-------|-------|-------|-------|-------|-------|
  809:     732     691     681     693     682     684     673     698
  817:     697     671     721     690     666     698     669     696
  825:     678     663     638     655     636     705     672     710
  833:     673     669     694     648     701     629     623     694
  841:     638     663     669     616     644     674     652     633
  849:     647     613     659     643     646     619     598     566
  857:     605     585     624     635     559     605     552     606
  865:     557     569     599     580     526     512     570     535
  873:     574     542     529     524     520     497     547     534
  881:     496     493     482     476     433     448     387     437
  889:     463     445     429     385     389     402     405     437
  897:     397     341     356     384     362     360     334     339
  905:     345     307     296     306     287     252     260     249
  913:     286     287     230     267     251     277     240     214
  921:     191     205     203     220     196     169     184     190
  929:     193     160     147     148     147     141     139     127
  937:     116     128     112     129     129     124     106     116
  945:     111     142      98     105     108     109     113      91
  953:      82     100      86      94      77      88      78      86
  961:      91      91      79      88      83      94      96      83
  969:      84      76      78      82      77      78      64      74
  977:      92      71      94      66      75      70      85      66
  985:      72      77      68      66      70      71      86      78
  993:      71      70      84     101      82      81      66      79
 1001:      97      70      92      81      75      62      71      74
 1009:      68      87      66      68      76      85      71      62
 1017:      70      70      73      70      67      65      66      77
