Channel Data Report             22/02/2022 10:54:36               Page  1


         *******************************************************
         *****   S P E C T R A L   D A T A   R E P O R T   *****
         *******************************************************


         Sample Title:   Sample title.                                 

         Elapsed Live time:     17464
         Elapsed Real Time:     17473

Channel|------|-------|-------|-------|-------|-------|-------|-------|
    1:       0       0       0       0       0       0       0     184
    9:    2183    1699    1357    1264    1162    1108    1150    1115
   17:    1121    1057    1069    1116    1032     988     996    1102
   25:    1072    1091    1104    1026    1088    1077    1095    1064
   33:    1090    1072    1133    1234    1268    1269    1279    1312
   41:    1291    1337    1314    1388    1279    1275    1174    1187
   49:    1198    1170    1132    1200    1138    1196    1201    1261
   57:    1287    1263    1270    1307    1320    1320    1251    1300
   65:    1301    1274    1341    1249    1248    1229    1309    1187
   73:    1227    1214    1263    1225    1302    1256    1280    1275
   81:    1248    1320    1249    1373    1329    1408    1356    1429
   89:    1386    1531    1564    1612    1779    1825    1923    2107
   97:    2168    2296    2370    2558    2527    2665    2560    2646
  105:    2592    2551    2509    2405    2418    2416    2337    2230
  113:    2247    2166    2105    2066    1993    1990    1975    1881
  121:    1802    1845    1785    1789    1758    1646    1623    1604
  129:    1517    1620    1529    1469    1567    1462    1513    1524
  137:    1476    1519    1493    1553    1534    1567    1497    1498
  145:    1531    1538    1534    1567    1593    1576    1575    1564
  153:    1589    1613    1520    1618    1528    1655    1585    1500
  161:    1504    1617    1521    1486    1624    1624    1583    1561
  169:    1505    1588    1588    1571    1605    1571    1580    1523
  177:    1518    1537    1543    1529    1602    1596    1493    1596
  185:    1498    1566    1514    1527    1580    1509    1522    1501
  193:    1529    1556    1588    1546    1599    1543    1545    1564
  201:    1489    1525    1611    1489    1535    1567    1613    1575
  209:    1570    1562    1585    1623    1562    1589    1574    1617
  217:    1580    1597    1616    1618    1652    1587    1529    1615
  225:    1535    1585    1670    1576    1685    1664    1584    1598
  233:    1641    1630    1572    1626    1562    1655    1596    1662
  241:    1621    1692    1646    1686    1640    1675    1668    1670
  249:    1642    1614    1616    1621    1568    1647    1581    1606
  257:    1704    1585    1552    1614    1553    1562    1531    1569
  265:    1616    1558    1551    1518    1551    1511    1566    1490
  273:    1545    1481    1489    1413    1496    1482    1487    1403
  281:    1464    1377    1405    1369    1409    1349    1381    1337
  289:    1316    1332    1326    1393    1322    1350    1345    1334
  297:    1355    1320    1310    1323    1377    1304    1320    1337
  305:    1258    1280    1272    1345    1301    1329    1280    1238
  313:    1249    1233    1230    1266    1239    1181    1231    1214
  321:    1260    1250    1225    1259    1213    1241    1226    1151
  329:    1184    1252    1230    1221    1173    1230    1181    1198
  337:    1205    1171    1235    1203    1233    1247    1210    1256
  345:    1191    1132    1205    1137    1173    1169    1124    1165
  353:    1156    1210    1114    1130    1170    1174    1108    1190
  361:    1214    1168    1093    1127    1137    1128    1124    1143
Channel Data Report             22/02/2022 10:54:36               Page  2

  369:    1118    1134    1067    1121    1147    1185    1120    1140

         Sample Title:   Sample title.                                 

Channel|------|-------|-------|-------|-------|-------|-------|-------|
  377:    1126    1141    1092    1176    1147    1093    1039    1159
  385:    1082    1062    1175    1110    1200    1085    1044    1120
  393:    1078    1031    1042    1059    1062    1048    1106    1092
  401:    1099    1106    1051    1055    1062    1060    1028    1004
  409:    1053    1082    1068    1062    1097    1082    1049    1059
  417:    1004    1021    1052    1011    1059    1073     988    1047
  425:    1038    1030     987    1037     999    1043    1097    1032
  433:    1079     996    1023     987    1045    1010     968     966
  441:     967    1001     965    1073    1000     936     953     934
  449:     979     961     967    1017     974    1011     937     958
  457:     990     960    1012     951     943     952     960     933
  465:     959     980     981    1026     948     947     988     975
  473:     982     997     971     939     944    1024     901     962
  481:     945     982     921     958     921     955     999     945
  489:     882    1005     961     959     999     940     926    1009
  497:     951     911     970     968     942     914     917     968
  505:     957     967     954     885     929     970     883     917
  513:     922     994     948     887     940     970     934     930
  521:     972     940     971     962     887     935     917     950
  529:     900     937    1004     974     923     917     976     921
  537:     907     961     926     952     990     963     976     985
  545:    1026     922     977     933     976     981     954    1022
  553:    1025     975     949     992     947     960    1009    1021
  561:    1003     916     978     955    1014     984    1014    1003
  569:     996    1019    1057     939    1031    1033    1024    1052
  577:    1011     989    1017    1012    1025     999    1017    1105
  585:    1054    1032     978    1061    1097    1092    1111    1048
  593:    1081    1044    1059    1073    1082    1032    1057    1051
  601:    1095    1146    1098    1126    1095    1192    1112    1085
  609:    1169    1166    1160    1118    1178    1107    1130    1197
  617:    1142    1174    1138    1150    1236    1165    1194    1154
  625:    1231    1167    1237    1224    1204    1193    1221    1277
  633:    1163    1239    1318    1339    1197    1254    1297    1265
  641:    1247    1255    1260    1241    1253    1269    1236    1330
  649:    1291    1198    1314    1281    1241    1281    1227    1228
  657:    1247    1310    1272    1329    1269    1247    1239    1245
  665:    1292    1195    1247    1279    1294    1272    1233    1295
  673:    1198    1200    1171    1199    1222    1218    1198    1247
  681:    1247    1187    1159    1212    1250    1157    1139    1164
  689:    1213    1157    1150    1154    1166    1126    1164    1066
  697:    1071    1111    1030    1104    1043    1021    1163     994
  705:    1060    1023    1060     928     963    1030     980     944
  713:     968     946     944     912     948     975     964     918
  721:     957     923     870     936     918     860     897     909
  729:     858     867     852     800     871     858     839     867
  737:     809     842     775     799     809     765     854     815
  745:     787     819     791     822     802     798     753     814
  753:     836     815     788     803     826     794     823     738
  761:     769     825     821     804     802     824     802     831
  769:     838     859     801     818     818     822     783     836
  777:     837     836     852     856     945     912     877     854
  785:     863     873     934     931    1003     909     893     970
  793:     985     875     914     968    1021     955     954     947
Channel Data Report             22/02/2022 10:54:36               Page  3

  801:    1021     974    1061     920     974     932    1019    1064

         Sample Title:   Sample title.                                 

Channel|------|-------|-------|-------|-------|-------|-------|-------|
  809:    1030    1044    1017     976    1014    1015    1022     985
  817:     994     987     967    1033    1043     964    1023    1040
  825:    1034     967     990     983     925     951     944     919
  833:     943     932     911     921     875     901     840     924
  841:     888     906     857     883     801     811     810     778
  849:     794     778     799     754     761     688     727     694
  857:     693     711     653     629     649     614     677     621
  865:     598     594     578     617     552     588     581     547
  873:     526     564     560     507     511     533     449     529
  881:     453     498     421     446     383     448     405     373
  889:     378     367     347     411     383     358     339     330
  897:     352     317     310     298     264     283     288     284
  905:     271     242     250     230     227     232     203     168
  913:     175     153     184     171     148     154     160     128
  921:     140     142     132     125     104     107     112     111
  929:     108      86      94      87      88      83      77      77
  937:      75      54      76      75      67      50      37      47
  945:      39      49      44      42      28      34      28      30
  953:      32      35      27      37      30      34      26      27
  961:      31      18      24      31      26      30      20      23
  969:      13      29      36      19      25      22      13      15
  977:      21      24      24      24      11      17      20      23
  985:      14      22      25      16      19      16      17      18
  993:       9      17      17      31      21      23      13      25
 1001:      12      19      12      25      22      21      19      24
 1009:      25      11      22      14      19      17      20      17
 1017:      20      20      17      21      26      14      13      20
