Channel Data Report             21/02/2022 15:06:32               Page  1


         *******************************************************
         *****   S P E C T R A L   D A T A   R E P O R T   *****
         *******************************************************


         Sample Title:   Sample title.                                 

         Elapsed Live time:    334291
         Elapsed Real Time:    335757

Channel|------|-------|-------|-------|-------|-------|-------|-------|
    1:       0       0       0       0       0       0       0   14801
    9:  178554  158922  149236  145290  142819  140659  141151  141387
   17:  141314  141846  141545  143266  143146  143478  143470  144416
   25:  144970  145215  145181  146065  146591  147013  147914  149527
   33:  151666  154846  158226  163829  170176  174512  177140  179946
   41:  180789  178977  174354  171745  170380  166026  164671  163251
   49:  161590  162170  161139  162786  163127  164373  165073  168310
   57:  170731  172097  172290  174644  175180  175919  175815  176672
   65:  175205  173485  172732  171848  170857  168896  169543  169513
   73:  169641  168951  168793  168624  170451  169546  171125  171865
   81:  172981  173835  174786  177624  180201  182588  186182  192240
   89:  198364  205869  213913  223661  236573  246736  258986  272314
   97:  283186  294686  301816  308735  311652  313959  312903  313096
  105:  308379  304358  298093  292493  289400  282053  276175  272756
  113:  265132  260366  254187  246622  241476  233927  227050  223003
  121:  216362  211231  204935  200806  196247  191384  187582  185677
  129:  183424  180607  178104  175485  174022  172588  171510  170732
  137:  168871  169922  168160  168446  169506  168362  167938  168727
  145:  168924  168696  168665  170252  169812  169465  168846  170510
  153:  170875  171247  170721  171371  173059  172625  172255  172863
  161:  174327  174747  173819  175088  174559  174839  174350  175705
  169:  176140  176435  176068  176524  177979  176606  177426  177714
  177:  178012  178147  179067  178520  179571  179793  179280  180557
  185:  180448  181065  181000  181056  182696  181846  181664  181819
  193:  183098  183480  182871  184527  184596  184620  184932  185680
  201:  186322  186615  186623  186610  188752  187371  187970  190213
  209:  190158  190957  190837  191782  193062  192820  193545  195595
  217:  195085  196307  196536  196112  199134  199652  199416  202055
  225:  202389  203535  203944  205707  206846  207554  208167  209854
  233:  210945  212674  212907  213880  216113  216719  217009  218683
  241:  219655  221206  220888  223815  224075  224401  224552  226566
  249:  227681  228012  228764  229678  230753  231458  231570  232546
  257:  232715  233865  233385  234208  234192  234769  233627  235424
  265:  235063  235347  234380  233911  235105  233593  232751  233720
  273:  232329  232807  231515  231528  231281  229308  228159  228739
  281:  226942  226970  225499  224411  225053  222880  221267  220475
  289:  219327  218654  215856  216918  215151  213420  211595  211793
  297:  210486  210585  207633  206886  208989  205180  203910  203408
  305:  202221  201860  200579  199405  199069  197913  196694  196737
  313:  195375  194704  193293  192637  192908  190773  190090  189645
  321:  190627  189286  187031  187367  187094  184950  183817  185081
  329:  184528  184195  182647  181154  181836  181088  180429  180156
  337:  179994  178920  177635  178143  177747  176837  176070  176064
  345:  175422  175347  174480  173733  174873  173115  172091  173109
  353:  171796  171575  170589  170649  170760  170007  168739  169253
  361:  168553  169231  167579  167036  168236  166362  165796  166675
Channel Data Report             21/02/2022 15:06:32               Page  2

  369:  166727  165912  164396  165008  165031  164726  163194  163991

         Sample Title:   Sample title.                                 

Channel|------|-------|-------|-------|-------|-------|-------|-------|
  377:  163985  163309  162427  162083  163108  161884  161406  162507
  385:  161934  161650  160640  161247  160901  160571  159740  159734
  393:  159961  159631  158613  158815  159813  157933  158715  158853
  401:  158762  158738  156909  158303  158033  157648  156596  157238
  409:  157510  157147  157019  156460  157298  156644  156028  157347
  417:  156115  156415  155356  156400  156003  155739  154658  155593
  425:  155216  155887  155202  155185  155710  154868  155324  155177
  433:  154905  154991  154310  154946  155061  154384  154203  154610
  441:  155429  155102  154987  154416  155588  153983  154259  154853
  449:  154997  155429  155014  155037  155129  154780  154816  155643
  457:  155339  156221  155510  155117  156333  155345  155460  156162
  465:  156338  156902  155901  156587  156618  156621  156456  157714
  473:  156256  157393  157235  157463  158729  157778  157318  158046
  481:  158127  159558  158229  159076  158754  159177  158825  159841
  489:  159915  160179  159681  159726  160716  159286  159753  160450
  497:  161038  161890  160301  162016  162011  161383  161710  162376
  505:  162324  163209  162518  162778  163781  163143  163040  163782
  513:  164669  164136  163803  164671  164152  164318  164001  163653
  521:  164727  165065  164318  165623  166125  164215  164524  164478
  529:  164610  164213  164334  164655  163562  163929  163257  163810
  537:  163231  163812  161890  161198  162113  160599  160561  160458
  545:  159130  159855  158615  158486  158252  156470  155603  156060
  553:  155100  154788  153273  152046  152444  149701  149506  149343
  561:  148972  147598  146360  145292  144487  142246  141872  140691
  569:  140473  139991  137885  135945  136454  133774  132756  132630
  577:  130897  129588  127839  127387  126718  125081  123881  122836
  585:  122567  120653  119251  118322  118128  116224  114413  114084
  593:  113198  111617  110256  110641  109119  106950  106325  105665
  601:  104951  103653  102088  101955  101749   99683   98743   98215
  609:   97556   96639   95282   94884   93479   92914   92393   91752
  617:   90609   90161   89555   88799   88461   86717   86112   86203
  625:   84722   84555   83711   83011   82278   81760   80876   80691
  633:   80533   79364   78981   77863   77952   76199   76200   75484
  641:   75606   74815   73952   73782   73389   72500   71963   71893
  649:   70879   70586   70379   69371   69432   68971   68115   67994
  657:   67747   67161   66429   66477   66106   65334   65106   64838
  665:   64712   64349   63598   63207   63225   62866   62425   62193
  673:   62110   62009   61028   60763   60494   60302   60067   59858
  681:   59868   59338   58811   58811   58646   58242   57847   57945
  689:   57754   57748   56862   56979   56751   56836   56463   56303
  697:   56196   56552   56040   55815   55827   55625   55626   55810
  705:   55567   55420   55468   55437   55810   55795   55732   56071
  713:   56130   56869   55814   56515   56991   57242   57577   58604
  721:   58109   59496   59240   60164   61041   61106   61706   62597
  729:   63412   63751   65197   65887   67519   67833   68782   70427
  737:   71421   72667   73368   75307   76682   77955   78880   80510
  745:   81992   84013   85388   86539   89013   90076   91734   93992
  753:   96111   98560   99766  101382  104007  106064  107427  110424
  761:  112630  114504  116716  118888  122499  124029  125753  129161
  769:  131592  134106  135838  139046  142234  143942  145801  148873
  777:  152195  154339  156207  159147  162750  164287  166496  169937
  785:  172572  175252  177961  181341  182660  185590  187177  191235
  793:  193149  196348  198158  200539  203741  205146  207092  210164
Channel Data Report             21/02/2022 15:06:32               Page  3

  801:  212448  214920  217006  219716  221305  222347  223686  226429

         Sample Title:   Sample title.                                 

Channel|------|-------|-------|-------|-------|-------|-------|-------|
  809:  229129  230881  231240  233617  235516  236280  237838  239606
  817:  240747  241923  241395  244450  244214  244121  244419  247330
  825:  247943  248476  247486  248417  249359  248808  249047  249274
  833:  249546  250587  249702  250355  250353  249946  247024  249577
  841:  248223  248447  246541  247065  247175  246205  245618  245618
  849:  245630  245464  242906  243803  243328  241578  240810  241447
  857:  239620  240264  238121  237778  238264  236634  234508  235153
  865:  234897  233392  231248  231291  229373  228157  226362  227661
  873:  224023  224937  221965  220065  221027  217267  215191  215117
  881:  213325  211821  208722  207533  205665  202114  199916  198565
  889:  196649  194147  190470  188221  186250  182713  178430  176831
  897:  173664  171806  166856  163874  161544  157196  153377  150196
  905:  146703  143478  138537  135601  131669  127794  123174  119831
  913:  116664  112416  109074  105004  102041   98390   93956   90511
  921:   87390   83764   80223   77112   73851   69381   66732   63953
  929:   60935   58055   54602   52131   49303   46786   43968   41865
  937:   39186   37230   34826   32744   30797   28701   26815   25011
  945:   23391   21830   20083   18797   17773   16134   15165   13829
  953:   13014   11864   10986   10190    9446    8583    7814    7275
  961:    6779    6140    5658    5108    4682    4214    3878    3526
  969:    3304    2991    2674    2481    2407    2021    1928    1743
  977:    1656    1479    1396    1249    1152    1093    1001     954
  985:     891     858     783     804     689     656     687     661
  993:     616     620     556     536     567     588     506     518
 1001:     515     475     464     493     442     458     463     462
 1009:     470     448     452     437     489     480     452     460
 1017:     486     441     457     431     398     432     385     458
