
         *******************************************************
         *****   S P E C T R A L   D A T A   R E P O R T   *****
         *******************************************************


         Sample Title:   Sample title.                                 

         Elapsed Live time:     71059
         Elapsed Real Time:     71071

Channel|------|-------|-------|-------|-------|-------|-------|-------|
    1:       0       0       0       0       0       0       0     254
    9:    5428    3760    2767    2176    1894    1697    1622    1505
   17:    1447    1424    1389    1380    1331    1357    1333    1312
   25:    1328    1273    1401    1282    1348    1312    1280    1282
   33:    1335    1335    1413    1510    1576    1635    1739    1782
   41:    1844    1812    1736    1723    1656    1669    1608    1480
   49:    1478    1444    1409    1412    1393    1495    1484    1459
   57:    1463    1502    1536    1572    1556    1577    1598    1597
   65:    1597    1552    1524    1499    1551    1540    1515    1514
   73:    1509    1518    1467    1552    1548    1557    1542    1549
   81:    1582    1631    1638    1652    1671    1671    1699    1867
   89:    1915    2020    2051    2266    2302    2493    2609    2811
   97:    3088    3310    3493    3746    3918    3893    4038    4043
  105:    4158    4067    4125    4174    3950    3918    3794    3809
  113:    3624    3529    3498    3467    3366    3425    3282    3219
  121:    3214    3161    3025    2967    3061    2989    2880    2881
  129:    2824    2697    2712    2742    2691    2714    2741    2785
  137:    2712    2649    2690    2699    2666    2722    2717    2741
  145:    2743    2799    2757    2818    2890    2865    2917    2879
  153:    2928    2966    3022    3124    2988    3103    3077    3023
  161:    3099    3151    3036    3083    3141    3267    3246    3302
  169:    3274    3230    3348    3264    3262    3302    3310    3233
  177:    3280    3351    3386    3265    3385    3350    3275    3316
  185:    3479    3394    3258    3362    3455    3267    3382    3376
  193:    3319    3357    3268    3197    3308    3184    3284    3349
  201:    3263    3260    3250    3250    3226    3195    3296    3241
  209:    3106    3194    3191    3244    3062    3052    3168    3218
  217:    3051    3060    3120    3026    3133    3037    3009    3074
  225:    2923    3043    2955    2958    3004    2971    3015    2961
  233:    2843    3003    2924    2907    2902    2901    2897    2833
  241:    2998    2813    2857    2733    2875    2921    2808    2829
  249:    2790    2838    2681    2772    2838    2729    2755    2755
  257:    2688    2772    2688    2690    2823    2683    2629    2706
  265:    2722    2632    2676    2603    2699    2628    2561    2638
  273:    2628    2544    2532    2515    2566    2556    2488    2548
  281:    2553    2580    2468    2436    2528    2459    2436    2481
  289:    2411    2411    2407    2405    2392    2313    2389    2297
  297:    2313    2341    2397    2321    2226    2353    2183    2261
  305:    2342    2313    2237    2257    2310    2283    2303    2178
  313:    2170    2221    2253    2183    2279    2236    2253    2367
  321:    2217    2253    2225    2228    2273    2147    2231    2273
  329:    2201    2103    2265    2201    2203    2225    2294    2275
  337:    2274    2325    2243    2305    2346    2346    2396    2422
  345:    2375    2415    2492    2433    2514    2488    2499    2589
  353:    2522    2570    2695    2598    2658    2789    2813    2740
  361:    2825    2735    2844    2806    2881    2940    2973    3092
Channel Data Report             22/02/2022 10:52:03               Page  2

  369:    3039    3092    3073    3086    3220    3228    3127    3104

         Sample Title:   Sample title.                                 

Channel|------|-------|-------|-------|-------|-------|-------|-------|
  377:    3266    3249    3272    3261    3239    3291    3306    3332
  385:    3254    3275    3265    3439    3344    3392    3280    3361
  393:    3277    3290    3278    3221    3230    3345    3195    3207
  401:    3172    3143    3157    3109    3126    3101    3002    2988
  409:    2973    3019    2959    2862    2848    2865    2739    2686
  417:    2712    2809    2673    2633    2512    2539    2504    2474
  425:    2400    2390    2297    2312    2247    2224    2230    2136
  433:    2088    2078    2053    2001    1959    1828    1819    1850
  441:    1738    1781    1697    1684    1701    1645    1655    1533
  449:    1633    1610    1534    1495    1505    1479    1441    1414
  457:    1414    1395    1402    1382    1364    1340    1317    1371
  465:    1316    1307    1305    1319    1299    1266    1271    1309
  473:    1254    1305    1181    1264    1199    1229    1191    1239
  481:    1237    1189    1194    1251    1201    1242    1171    1218
  489:    1149    1203    1221    1115    1176    1097    1146    1145
  497:    1130    1199    1128    1098    1152    1143    1107    1077
  505:    1154    1071    1088    1073    1101    1127    1087    1077
  513:    1048    1105    1112    1097    1066    1035     999     998
  521:    1043    1017     992    1016    1025    1023     947     965
  529:     989     947     971     962     955     947     942     896
  537:     932     873     927     889     834     899     904     844
  545:     875     873     858     887     885     835     815     804
  553:     857     818     771     815     767     760     801     799
  561:     797     734     778     769     761     698     795     766
  569:     770     757     729     760     735     714     750     743
  577:     767     677     729     738     712     720     701     708
  585:     716     722     676     679     731     691     671     696
  593:     663     758     687     682     683     685     644     706
  601:     684     696     659     654     689     629     654     640
  609:     619     659     635     670     668     643     642     649
  617:     640     669     656     659     634     616     623     637
  625:     630     605     595     660     594     589     577     585
  633:     617     579     532     545     562     591     551     576
  641:     557     577     554     566     596     588     557     585
  649:     542     541     579     541     527     512     524     502
  657:     495     521     462     512     498     491     540     510
  665:     495     495     490     473     519     523     466     457
  673:     443     471     490     471     479     461     451     457
  681:     429     469     421     467     444     418     447     432
  689:     466     397     416     422     397     441     420     445
  697:     433     409     402     409     409     418     409     434
  705:     411     438     402     384     387     390     356     373
  713:     401     370     356     393     370     409     368     408
  721:     347     381     361     360     351     378     392     342
  729:     358     334     347     345     364     380     357     340
  737:     370     343     351     343     333     332     361     341
  745:     354     322     304     337     353     325     323     325
  753:     354     328     341     351     333     314     300     324
  761:     340     302     321     308     309     336     310     303
  769:     324     301     311     309     284     272     294     312
  777:     337     320     326     292     321     330     303     337
  785:     282     324     298     305     315     262     305     274
  793:     331     279     346     306     308     289     297     312
Channel Data Report             22/02/2022 10:52:03               Page  3

  801:     320     318     284     338     311     329     350     328

         Sample Title:   Sample title.                                 

Channel|------|-------|-------|-------|-------|-------|-------|-------|
  809:     316     320     329     295     312     315     323     311
  817:     265     344     288     308     290     309     288     289
  825:     272     256     305     313     316     291     317     258
  833:     270     280     265     286     261     274     278     273
  841:     248     271     242     265     249     267     218     237
  849:     221     237     220     210     231     180     229     225
  857:     222     199     193     190     193     217     180     199
  865:     213     192     193     196     198     176     188     191
  873:     148     165     164     168     177     164     184     160
  881:     170     166     182     160     144     145     156     134
  889:     175     142     148     142     133     148     155     124
  897:     120     145     126     138     113     147     147     136
  905:     124     125     123     117     137     130     121     117
  913:     127     125     129     108     123     107     121      99
  921:     100     115     101     115      96      94     109      91
  929:     115     119      86      98      95     100      95     109
  937:     109     105      70      86      95     106     106     110
  945:      81      84      90      88      77      96      99      89
  953:      92      72      94      77     105      66      99      97
  961:      77     102      90      91      95      87      88      89
  969:      82      83      80     104      79      83      91      91
  977:      92      83      89      80      74      89      98      98
  985:      97      91      73      94      89      87      72      71
  993:      80      92      91      85      81      77      82      95
 1001:      84      72      69      99      88      99      93      86
 1009:      83      81      94      75      70      92      83      83
 1017:      75      71      78      76     100      63      78      94