Channel Data Report             24/02/2022 14:25:18               Page  1


         *******************************************************
         *****   S P E C T R A L   D A T A   R E P O R T   *****
         *******************************************************


         Sample Title:   Sample title.                                 

         Elapsed Live time:     68085
         Elapsed Real Time:     68121

Channel|------|-------|-------|-------|-------|-------|-------|-------|
    1:       0       0       0       0       0       0       0     182
    9:    7233    6263    5204    4649    4438    4230    4047    4084
   17:    3953    4105    3902    4083    3956    3949    4042    4082
   25:    3807    3923    3968    4069    4041    4106    4005    4009
   33:    4030    3996    4254    4323    4640    4663    4694    4993
   41:    4879    4926    4875    4820    4659    4505    4596    4422
   49:    4302    4326    4331    4318    4460    4441    4318    4453
   57:    4430    4517    4589    4645    4658    4636    4592    4727
   65:    4731    4716    4518    4529    4581    4618    4565    4506
   73:    4449    4465    4433    4427    4570    4445    4489    4516
   81:    4497    4634    4581    4655    4683    4828    4769    5059
   89:    5251    5211    5524    5703    5906    6160    6781    7343
   97:    7571    7899    8423    8819    8892    9261    9294    9493
  105:    9469    9406    9154    9014    8888    8541    8377    7965
  113:    8073    7957    7647    7618    7296    7352    7102    6992
  121:    6725    6718    6676    6469    6390    6122    5951    5851
  129:    5660    5763    5543    5529    5426    5415    5484    5401
  137:    5607    5436    5354    5520    5579    5531    5508    5477
  145:    5589    5667    5593    5724    5669    5697    5905    5682
  153:    5683    5625    5811    5723    5709    5835    5741    5857
  161:    5811    5950    5842    5825    5860    5747    5836    6027
  169:    5842    5779    5980    5910    5925    5800    5819    5902
  177:    5831    5890    5717    5820    5877    5801    5666    5863
  185:    6043    5893    5742    5923    6028    5973    6037    5935
  193:    6014    5925    5906    5969    6027    5848    6037    5998
  201:    5847    6013    5876    5743    5987    5822    5946    5977
  209:    6016    6000    6059    6046    6125    5961    5899    6025
  217:    6182    6229    6018    5985    6140    6062    6157    6303
  225:    6239    6253    6154    6178    6214    6061    6213    6151
  233:    6180    6304    6308    6288    6289    6261    6351    6217
  241:    6240    6318    6215    6300    6176    6160    6174    6241
  249:    6347    6289    6230    6222    6256    6164    6208    6107
  257:    6154    6223    6036    6188    5983    6195    5901    6073
  265:    5967    6089    5980    5898    5902    5763    5831    5725
  273:    5853    5762    5781    5503    5741    5726    5564    5643
  281:    5534    5588    5469    5487    5422    5373    5338    5336
  289:    5377    5314    5237    5354    5370    5259    5273    5244
  297:    5086    5226    5140    5191    5280    5007    5036    5056
  305:    5109    5131    4981    5009    4915    5020    4895    5000
  313:    4829    4958    5025    4890    4849    4700    4936    4881
  321:    4756    4811    4775    4819    4879    4595    4825    4733
  329:    4834    4783    4725    4758    4621    4646    4630    4673
  337:    4625    4665    4520    4612    4686    4707    4563    4609
  345:    4698    4649    4480    4459    4512    4504    4570    4560
  353:    4502    4527    4408    4491    4656    4380    4426    4365
  361:    4444    4419    4326    4452    4393    4344    4319    4412
Channel Data Report             24/02/2022 14:25:18               Page  2

  369:    4360    4271    4351    4262    4346    4213    4197    4350

         Sample Title:   Sample title.                                 

Channel|------|-------|-------|-------|-------|-------|-------|-------|
  377:    4323    4407    4287    4409    4168    4206    4281    4310
  385:    4326    4155    4189    4213    4256    4223    4097    4054
  393:    4101    4165    4187    4158    4096    4075    4019    4106
  401:    4046    4042    3978    4107    4091    4025    4083    4022
  409:    3948    4012    3897    3926    3991    4008    3999    4016
  417:    4125    3820    3846    3950    3867    3814    3870    3869
  425:    3846    3816    3779    3819    3813    3798    3783    3789
  433:    3744    3698    3849    3740    3746    3776    3731    3784
  441:    3726    3793    3794    3742    3657    3774    3569    3760
  449:    3660    3635    3647    3613    3669    3658    3552    3695
  457:    3671    3716    3615    3680    3678    3634    3594    3703
  465:    3608    3685    3451    3572    3561    3565    3550    3564
  473:    3561    3533    3566    3562    3566    3553    3565    3544
  481:    3584    3505    3535    3556    3600    3576    3472    3411
  489:    3536    3510    3516    3454    3439    3505    3572    3543
  497:    3491    3502    3522    3480    3511    3551    3621    3488
  505:    3520    3368    3504    3438    3458    3575    3498    3560
  513:    3540    3585    3512    3640    3598    3554    3502    3512
  521:    3573    3541    3588    3579    3578    3567    3568    3599
  529:    3655    3456    3530    3494    3598    3578    3636    3604
  537:    3644    3583    3531    3630    3707    3576    3736    3630
  545:    3634    3858    3853    3688    3790    3721    3734    3817
  553:    3784    3775    3806    3929    3845    3877    3880    3904
  561:    3890    3817    3854    4003    3912    3855    3963    4056
  569:    3909    4028    4015    4138    4058    4043    4230    3994
  577:    4095    4159    4173    4254    4163    4259    4010    4249
  585:    4163    4254    4304    4286    4305    4352    4269    4142
  593:    4405    4399    4270    4386    4393    4560    4517    4471
  601:    4567    4534    4574    4482    4583    4492    4561    4544
  609:    4617    4629    4551    4650    4733    4725    4646    4759
  617:    4759    4791    4669    4671    4789    4797    4718    4956
  625:    4824    4903    4867    4936    5009    4940    4915    4857
  633:    4992    4930    4792    4860    4963    5051    4861    4947
  641:    4947    4856    4971    4940    4857    4889    4892    4861
  649:    4854    4973    4968    4727    5102    4934    4751    4833
  657:    4918    4729    4837    4659    4846    4696    4721    4595
  665:    4773    4655    4603    4662    4687    4644    4468    4584
  673:    4424    4520    4473    4431    4490    4420    4341    4453
  681:    4414    4250    4392    4251    4236    4270    4245    4189
  689:    4089    4086    4162    4023    3925    3952    3888    3841
  697:    3942    3796    3711    3739    3616    3711    3627    3619
  705:    3643    3496    3529    3304    3315    3345    3373    3326
  713:    3266    3313    3245    3149    3228    3102    3131    3035
  721:    3067    2986    2980    3030    2890    2980    2904    2850
  729:    2935    2943    2830    2807    2845    2902    2700    2822
  737:    2733    2720    2654    2709    2728    2626    2656    2657
  745:    2655    2686    2571    2619    2663    2587    2593    2528
  753:    2618    2539    2505    2497    2540    2576    2649    2559
  761:    2581    2599    2613    2577    2658    2538    2547    2662
  769:    2690    2599    2592    2699    2658    2752    2705    2697
  777:    2691    2648    2804    2772    2821    2800    2752    2866
  785:    2951    2856    2891    2875    2899    2908    2933    2865
  793:    2908    2953    2923    2993    2944    3111    3059    2992
Channel Data Report             24/02/2022 14:25:18               Page  3

  801:    3111    3035    3125    3143    3124    3139    3099    3201

         Sample Title:   Sample title.                                 

Channel|------|-------|-------|-------|-------|-------|-------|-------|
  809:    3202    3180    3191    3139    3180    3195    3180    3165
  817:    3250    3263    3194    3215    3200    3190    3093    3203
  825:    3190    3160    3190    3139    3126    3138    3073    3077
  833:    3026    3097    3024    3104    3025    3056    2806    2923
  841:    2878    2825    2838    2821    2867    2732    2712    2513
  849:    2632    2546    2513    2505    2454    2509    2450    2417
  857:    2408    2339    2302    2324    2220    2271    2148    2167
  865:    2124    2048    1970    1990    1868    1903    1870    1919
  873:    1826    1827    1770    1680    1649    1685    1649    1653
  881:    1594    1490    1515    1487    1489    1457    1378    1302
  889:    1349    1287    1325    1244    1203    1184    1197    1158
  897:    1073    1083    1055    1061    1055    1026     972     942
  905:     911     923     832     864     759     793     753     743
  913:     748     754     686     671     641     594     623     586
  921:     591     549     483     471     451     466     452     426
  929:     406     409     356     385     327     328     335     304
  937:     284     270     268     268     253     239     212     210
  945:     191     205     175     158     184     193     161     124
  953:     145     151     128     150     119     121     125     118
  961:     115     126     116      99      84     105     110     109
  969:      81      78     104      95      81      84      89      97
  977:      84      76      75      75      79      94      75      88
  985:      84      74      87      70      80      82      73      65
  993:      84      65      76      70      66      71      68      61
 1001:      70      72      70      85      84      64      67      69
 1009:      58      80      73      72      81      66      70      78
 1017:      55      74      86      70      72      71      81      57
