Channel Data Report             24/02/2022 14:26:20               Page  1


         *******************************************************
         *****   S P E C T R A L   D A T A   R E P O R T   *****
         *******************************************************


         Sample Title:   Sample title.                                 

         Elapsed Live time:     19812
         Elapsed Real Time:     19823

Channel|------|-------|-------|-------|-------|-------|-------|-------|
    1:       0       0       0       0       0       0       0      70
    9:    2126    1794    1497    1368    1287    1182    1211    1172
   17:    1139    1200    1146    1105    1212    1108    1179    1083
   25:    1151    1113    1119    1175    1137    1153    1130    1193
   33:    1207    1241    1254    1242    1332    1345    1422    1388
   41:    1408    1423    1428    1363    1305    1256    1316    1279
   49:    1287    1346    1223    1235    1297    1283    1228    1386
   57:    1306    1322    1336    1409    1397    1332    1399    1352
   65:    1378    1393    1340    1318    1362    1391    1352    1348
   73:    1327    1365    1303    1285    1274    1280    1320    1367
   81:    1330    1360    1415    1407    1342    1474    1469    1439
   89:    1527    1505    1659    1631    1725    1811    1999    2015
   97:    2275    2334    2373    2624    2541    2649    2838    2811
  105:    2686    2712    2655    2710    2616    2463    2452    2377
  113:    2347    2228    2216    2117    2190    2100    2047    2041
  121:    1989    1966    1959    1897    1818    1826    1757    1784
  129:    1662    1638    1668    1658    1585    1591    1662    1564
  137:    1589    1570    1490    1648    1632    1638    1634    1663
  145:    1685    1662    1604    1573    1608    1647    1638    1725
  153:    1684    1686    1610    1617    1672    1678    1684    1678
  161:    1636    1682    1650    1630    1665    1728    1755    1707
  169:    1770    1735    1607    1650    1735    1710    1749    1716
  177:    1690    1710    1745    1778    1699    1702    1658    1735
  185:    1678    1729    1762    1689    1742    1729    1714    1678
  193:    1756    1675    1731    1753    1723    1737    1736    1710
  201:    1739    1749    1792    1693    1717    1724    1763    1753
  209:    1716    1702    1763    1775    1802    1721    1797    1831
  217:    1811    1746    1716    1784    1847    1738    1711    1822
  225:    1852    1806    1823    1810    1793    1780    1810    1872
  233:    1832    1847    1818    1876    1883    1816    1814    1811
  241:    1834    1806    1859    1866    1855    1847    1790    1814
  249:    1808    1816    1886    1818    1871    1814    1785    1810
  257:    1819    1806    1744    1705    1760    1744    1705    1781
  265:    1751    1727    1687    1752    1711    1753    1685    1678
  273:    1672    1707    1634    1621    1650    1684    1647    1618
  281:    1628    1712    1581    1626    1570    1599    1577    1623
  289:    1574    1572    1499    1593    1507    1493    1427    1493
  297:    1565    1434    1411    1469    1487    1486    1465    1497
  305:    1470    1406    1437    1503    1450    1452    1474    1468
  313:    1444    1377    1413    1438    1413    1406    1388    1388
  321:    1336    1486    1364    1398    1354    1395    1361    1362
  329:    1298    1334    1322    1456    1398    1338    1318    1399
  337:    1372    1340    1256    1390    1405    1339    1397    1349
  345:    1401    1317    1326    1277    1367    1329    1310    1311
  353:    1300    1227    1244    1341    1272    1267    1295    1267
  361:    1251    1313    1260    1295    1333    1236    1268    1280
Channel Data Report             24/02/2022 14:26:20               Page  2

  369:    1281    1243    1290    1248    1302    1245    1263    1313

         Sample Title:   Sample title.                                 

Channel|------|-------|-------|-------|-------|-------|-------|-------|
  377:    1283    1232    1257    1294    1264    1260    1207    1212
  385:    1244    1210    1222    1204    1201    1189    1184    1190
  393:    1253    1201    1204    1167    1212    1162    1179    1180
  401:    1204    1214    1174    1149    1127    1154    1153    1193
  409:    1178    1201    1124    1158    1216    1187    1166    1115
  417:    1194    1217    1125    1139    1069    1081    1126    1120
  425:    1165    1115    1110    1111    1127    1077    1049    1068
  433:    1075    1111    1109    1064    1047    1136    1147    1071
  441:    1131    1019    1091    1103    1126    1034    1032    1086
  449:    1074    1108    1040    1071    1104    1087    1072    1062
  457:    1041    1071    1071    1072    1037    1043    1080    1073
  465:    1073    1018    1036    1070    1043    1044     989     968
  473:    1057    1046    1063    1072    1040     966    1039    1017
  481:    1026    1080    1021     992    1041    1053     976    1009
  489:    1031    1036    1021     999    1008    1001    1036     990
  497:    1016     981    1007    1007     996     928     988    1101
  505:     999    1049    1034    1039    1053    1031    1054    1071
  513:    1036    1057     972    1030    1030    1025    1040    1037
  521:    1046    1088    1058     964    1090    1013    1020    1009
  529:    1068    1063    1059    1009    1064    1104    1022    1000
  537:    1042    1097    1076    1041    1021    1094    1115    1139
  545:    1069    1059    1116    1147    1135    1120    1123    1093
  553:    1095    1093    1104    1087    1103    1162    1074    1122
  561:    1124    1130    1117    1192    1211    1176    1162    1152
  569:    1207    1104    1176    1142    1177    1211    1258    1158
  577:    1232    1211    1234    1187    1269    1148    1304    1238
  585:    1218    1206    1304    1227    1250    1200    1226    1252
  593:    1310    1220    1258    1267    1292    1311    1268    1308
  601:    1333    1328    1303    1339    1351    1246    1349    1366
  609:    1343    1343    1357    1386    1374    1413    1408    1369
  617:    1314    1383    1358    1406    1496    1408    1371    1376
  625:    1389    1464    1468    1378    1462    1383    1344    1420
  633:    1434    1419    1423    1360    1424    1403    1513    1424
  641:    1483    1345    1468    1403    1458    1451    1400    1434
  649:    1515    1446    1459    1393    1410    1528    1452    1428
  657:    1473    1417    1422    1475    1400    1349    1356    1358
  665:    1366    1426    1376    1349    1402    1399    1356    1301
  673:    1315    1357    1324    1320    1302    1232    1279    1261
  681:    1257    1245    1187    1251    1231    1174    1182    1213
  689:    1198    1192    1127    1241    1172    1173    1137    1082
  697:    1089    1124    1081    1103    1069    1034    1033    1072
  705:    1017    1138    1019     959    1004     976     984     946
  713:     987     919     972     927     915     923     919     912
  721:     930     807     875     879     894     840     821     811
  729:     834     831     793     811     842     791     817     797
  737:     791     754     844     807     739     772     789     767
  745:     823     792     781     753     766     757     751     763
  753:     729     800     780     734     706     748     748     793
  761:     794     777     785     701     764     765     748     794
  769:     747     748     768     819     775     738     736     814
  777:     826     847     769     784     810     788     781     824
  785:     819     760     831     817     870     860     884     871
  793:     885     797     858     846     913     892     859     862
Channel Data Report             24/02/2022 14:26:20               Page  3

  801:     945     864     945     904     903     905     929     947

         Sample Title:   Sample title.                                 

Channel|------|-------|-------|-------|-------|-------|-------|-------|
  809:     915     952     942     970     909     904     931     931
  817:     935     926     914     977     953     971     927     930
  825:     886     922     934     902    1017     933     873     915
  833:     894     807     915     816     836     797     855     884
  841:     903     804     801     797     752     732     788     745
  849:     746     744     721     701     731     716     704     689
  857:     682     661     673     644     636     627     607     624
  865:     630     594     570     576     584     518     532     550
  873:     562     521     488     481     500     469     449     437
  881:     471     431     450     446     434     404     404     381
  889:     384     411     384     362     325     340     340     350
  897:     316     343     296     302     296     270     281     289
  905:     249     268     218     232     227     233     219     208
  913:     202     217     187     195     167     185     174     172
  921:     169     166     137     139     127     140     119     109
  929:     130     133     105     104      97      78     113      84
  937:      76      64      75      61      79      79      63      63
  945:      53      59      56      51      58      43      36      40
  953:      43      34      38      41      24      28      31      37
  961:      29      42      32      19      25      29      19      27
  969:      24      21      32      26      20      33      27      23
  977:      26      29      20      23      17      21      19      22
  985:      23      23      26      21      24      24      32      22
  993:      27      23      14      26      15      28      28      22
 1001:      14      20      23      25      16      17      25      27
 1009:      24      26      17      19      16      19      32      21
 1017:      21      22      21      16      22      24      21      18
