Channel Data Report             11/03/2022 13:51:01               Page  1


         *******************************************************
         *****   S P E C T R A L   D A T A   R E P O R T   *****
         *******************************************************


         Sample Title:   Sample title.                                 

         Elapsed Live time:     12927
         Elapsed Real Time:     12949

Channel|------|-------|-------|-------|-------|-------|-------|-------|
    1:       0       0       0       0       0       0       0     118
    9:    3027    2774    2401    2478    2287    2292    2362    2245
   17:    2300    2255    2259    2281    2332    2394    2382    2334
   25:    2313    2328    2397    2310    2275    2354    2380    2356
   33:    2344    2476    2604    2911    2872    2930    3135    3208
   41:    3143    3144    3027    2945    2923    2765    2744    2799
   49:    2635    2744    2597    2681    2580    2712    2632    2803
   57:    2870    2877    2916    2933    2964    2974    3029    2924
   65:    2945    2999    2878    2899    3001    2897    2880    2899
   73:    2873    2839    2707    2951    2914    2786    2890    2971
   81:    2909    2960    3054    3149    3184    3353    3381    3570
   89:    3665    3975    4069    4257    4653    4915    5264    5507
   97:    5790    6103    6187    6354    6589    6653    6604    6513
  105:    6571    6469    6238    6319    6085    5829    5776    5696
  113:    5522    5371    5242    5170    4975    4799    4476    4354
  121:    4122    3992    3880    3713    3668    3602    3364    3338
  129:    3235    3262    3205    3078    3023    3076    3003    2882
  137:    2948    2901    2937    2915    2867    2811    2884    2942
  145:    2942    2933    2960    2939    2937    2911    2893    2989
  153:    2957    2932    3000    2994    3042    2932    3059    2991
  161:    3188    2999    2990    3125    3109    3119    3078    3121
  169:    3078    3119    3134    3109    3117    3100    3184    3169
  177:    3248    3207    3198    3278    3215    3130    3161    3191
  185:    3253    3277    3212    3207    3296    3225    3253    3252
  193:    3434    3271    3276    3187    3253    3430    3412    3402
  201:    3329    3510    3534    3356    3375    3401    3342    3379
  209:    3446    3517    3454    3552    3585    3477    3495    3602
  217:    3492    3541    3611    3636    3707    3683    3728    3939
  225:    3800    3735    3791    3689    3874    3843    3832    3985
  233:    3924    4040    4024    3986    4019    4077    4083    4101
  241:    4169    4173    4182    4185    4274    4301    4263    4377
  249:    4399    4403    4332    4383    4465    4379    4341    4528
  257:    4398    4320    4455    4546    4483    4425    4472    4535
  265:    4633    4497    4602    4488    4563    4455    4518    4398
  273:    4405    4446    4357    4397    4429    4255    4220    4409
  281:    4334    4350    4237    4372    4279    4172    4212    4297
  289:    4202    4088    4120    4071    4100    4082    3997    3985
  297:    3904    3938    3882    3830    3857    3807    3711    3805
  305:    3666    3663    3713    3663    3629    3685    3650    3610
  313:    3548    3566    3497    3469    3476    3438    3443    3447
  321:    3434    3451    3260    3342    3383    3282    3294    3261
  329:    3354    3279    3204    3230    3226    3133    3214    3137
  337:    3189    3148    3188    3239    3111    3088    2961    3121
  345:    3125    3137    3101    3124    3077    3016    3021    3027
  353:    3011    3013    2945    2958    2965    2881    2977    2906
  361:    2935    2893    2848    2935    2880    2982    2793    2948
Channel Data Report             11/03/2022 13:51:01               Page  2

  369:    2808    2743    2764    2787    2714    2724    2917    2814

         Sample Title:   Sample title.                                 

Channel|------|-------|-------|-------|-------|-------|-------|-------|
  377:    2762    2829    2824    2845    2802    2732    2759    2768
  385:    2701    2694    2720    2683    2806    2669    2701    2727
  393:    2659    2704    2595    2619    2720    2606    2621    2636
  401:    2619    2649    2695    2571    2554    2503    2429    2661
  409:    2601    2492    2573    2608    2498    2603    2495    2544
  417:    2579    2612    2557    2531    2591    2472    2576    2499
  425:    2571    2571    2511    2463    2556    2519    2526    2422
  433:    2476    2519    2493    2473    2521    2496    2471    2447
  441:    2415    2473    2444    2488    2484    2462    2439    2435
  449:    2524    2414    2397    2373    2457    2428    2454    2451
  457:    2507    2345    2451    2389    2390    2419    2465    2378
  465:    2453    2348    2412    2436    2446    2414    2344    2380
  473:    2355    2423    2350    2306    2419    2463    2323    2370
  481:    2305    2384    2401    2419    2416    2392    2435    2404
  489:    2424    2417    2343    2356    2434    2321    2368    2391
  497:    2400    2356    2327    2444    2392    2367    2392    2316
  505:    2463    2408    2395    2411    2402    2407    2423    2366
  513:    2407    2331    2289    2437    2413    2464    2359    2441
  521:    2357    2442    2396    2414    2310    2399    2342    2381
  529:    2383    2374    2409    2401    2376    2333    2354    2345
  537:    2286    2391    2411    2356    2307    2369    2295    2337
  545:    2244    2310    2166    2263    2258    2219    2308    2263
  553:    2301    2275    2226    2229    2228    2098    2179    2155
  561:    2173    2126    2181    2099    2071    2065    1997    2083
  569:    2060    1955    1972    2007    1999    1930    1979    1908
  577:    1858    1924    1894    1900    1793    1845    1756    1860
  585:    1826    1754    1856    1784    1737    1733    1711    1709
  593:    1756    1660    1713    1617    1694    1643    1622    1493
  601:    1574    1549    1510    1545    1525    1543    1470    1563
  609:    1497    1408    1432    1383    1448    1436    1434    1416
  617:    1409    1389    1408    1416    1314    1352    1322    1367
  625:    1293    1331    1284    1345    1226    1302    1220    1235
  633:    1160    1260    1255    1162    1218    1208    1167    1187
  641:    1142    1202    1158    1171    1099    1126    1075    1146
  649:    1180    1083    1070     988    1116    1053    1010    1081
  657:    1077    1111    1011    1043    1062    1075     977    1034
  665:    1029    1029    1004     988    1008     971     990     965
  673:     930     964     931     885     946     902     900     861
  681:     895     906     929     957     903     902     931     962
  689:     875     925     875     861     873     928     851     861
  697:     872     881     869     866     901     882     858     835
  705:     814     806     809     843     861     821     824     821
  713:     834     814     838     750     832     821     838     846
  721:     827     883     845     802     901     877     875     895
  729:     918     904     925     942     884     936     939     969
  737:     953     968     976    1007    1080    1033    1092    1081
  745:    1105    1138    1172    1076    1159    1171    1186    1190
  753:    1274    1207    1275    1310    1292    1353    1398    1422
  761:    1478    1499    1454    1441    1429    1555    1657    1563
  769:    1640    1668    1669    1682    1679    1788    1775    1862
  777:    1789    1893    1903    1843    1914    1969    2005    1993
  785:    2045    2017    2153    2186    2245    2181    2187    2295
  793:    2201    2340    2344    2359    2369    2439    2442    2428
Channel Data Report             11/03/2022 13:51:01               Page  3

  801:    2511    2529    2463    2579    2599    2497    2648    2520

         Sample Title:   Sample title.                                 

Channel|------|-------|-------|-------|-------|-------|-------|-------|
  809:    2667    2659    2664    2709    2747    2771    2713    2672
  817:    2739    2834    2858    2758    2824    2835    2822    2889
  825:    2872    2754    2829    2822    2975    2762    2722    2912
  833:    2862    2822    2827    2771    2896    2874    2757    2799
  841:    2862    2969    2861    2831    2852    2809    2811    2843
  849:    2779    2735    2791    2844    2826    2753    2752    2774
  857:    2738    2752    2761    2645    2721    2694    2677    2671
  865:    2730    2620    2669    2647    2691    2560    2569    2548
  873:    2505    2469    2448    2521    2546    2522    2516    2425
  881:    2367    2432    2443    2337    2286    2295    2264    2222
  889:    2304    2095    2159    2165    2131    2040    1925    1997
  897:    1948    1942    1901    1941    1754    1776    1744    1697
  905:    1634    1655    1578    1528    1482    1365    1467    1458
  913:    1366    1329    1278    1198    1161    1122    1041    1079
  921:    1054     971     913     890     904     808     787     707
  929:     724     669     615     590     567     551     558     471
  937:     465     443     384     402     314     356     324     315
  945:     274     270     232     241     171     193     184     155
  953:     164     166     146     112     131     120     103      96
  961:      80      70      66      79      83      68      54      51
  969:      55      56      31      51      32      38      39      37
  977:      48      28      33      29      22      22      28      25
  985:      19      20      25      19      16      24      19      13
  993:      15      23      14      15      12      17      15      12
 1001:      16      17      21      16      18      15      14      13
 1009:      13      16      14      13      13      21      12      16
 1017:      13      11      11      15       9       8      12       9
