Channel Data Report             25/02/2022 16:51:07               Page  1


         *******************************************************
         *****   S P E C T R A L   D A T A   R E P O R T   *****
         *******************************************************


         Sample Title:   Sample title.                                 

         Elapsed Live time:     15051
         Elapsed Real Time:     15054

Channel|------|-------|-------|-------|-------|-------|-------|-------|
    1:       0       0       0       0       0       0       0      92
    9:    1192     795     619     546     403     362     343     324
   17:     320     294     303     300     271     299     301     307
   25:     319     279     296     285     319     308     299     327
   33:     293     307     336     357     356     377     372     431
   41:     414     406     406     372     348     337     370     344
   49:     332     335     327     335     300     331     354     322
   57:     358     362     340     360     360     401     375     366
   65:     405     353     334     397     363     346     369     345
   73:     371     366     404     348     381     363     372     408
   81:     363     353     387     437     431     451     449     460
   89:     482     493     571     558     647     675     729     809
   97:     813     946     974    1011    1100    1148    1129    1170
  105:    1236    1181    1082    1165    1087    1051     986     917
  113:     942     981     940     898     881     826     793     829
  121:     812     770     761     724     743     695     669     648
  129:     626     636     618     646     622     579     574     560
  137:     618     562     608     560     572     589     571     586
  145:     557     602     549     616     619     567     644     603
  153:     587     617     615     623     570     656     642     608
  161:     599     570     614     661     626     644     679     643
  169:     609     642     607     635     624     637     631     558
  177:     648     662     652     647     598     632     663     642
  185:     646     669     624     656     679     614     641     654
  193:     661     701     642     628     657     627     663     664
  201:     673     670     683     652     677     676     653     705
  209:     657     669     655     702     659     699     713     681
  217:     657     703     707     714     675     708     689     693
  225:     694     697     698     712     692     698     682     731
  233:     725     722     734     744     746     674     730     781
  241:     739     791     810     737     740     763     783     798
  249:     789     851     792     825     848     828     748     814
  257:     811     834     843     854     862     826     816     820
  265:     878     872     824     826     829     850     816     835
  273:     802     785     784     804     808     756     804     735
  281:     745     681     732     706     746     743     693     763
  289:     656     668     664     686     660     645     593     588
  297:     588     616     513     582     556     524     612     552
  305:     560     553     523     544     512     535     486     501
  313:     528     524     512     456     513     484     435     436
  321:     449     494     430     453     401     426     425     424
  329:     427     418     414     381     434     414     446     390
  337:     412     371     365     380     384     378     357     371
  345:     357     359     351     347     338     345     354     342
  353:     356     349     344     342     366     336     370     348
  361:     356     380     338     305     325     325     307     343
Channel Data Report             25/02/2022 16:51:07               Page  2

  369:     315     296     306     326     329     347     322     303

         Sample Title:   Sample title.                                 

Channel|------|-------|-------|-------|-------|-------|-------|-------|
  377:     302     310     326     292     324     316     311     296
  385:     289     316     319     289     306     284     320     300
  393:     274     283     298     277     297     293     309     275
  401:     288     278     305     294     278     322     244     276
  409:     256     269     290     307     291     294     273     280
  417:     256     252     274     283     284     241     270     255
  425:     281     282     254     269     271     294     272     255
  433:     267     237     254     254     255     256     272     270
  441:     289     287     268     239     256     256     265     269
  449:     267     232     250     266     249     249     279     263
  457:     249     280     250     252     270     228     235     236
  465:     259     267     240     256     232     235     251     254
  473:     267     248     233     239     274     241     236     236
  481:     239     265     230     262     244     258     257     261
  489:     225     252     233     260     253     240     237     222
  497:     226     220     227     231     258     249     256     234
  505:     229     245     233     237     220     244     253     197
  513:     229     237     211     270     211     211     210     223
  521:     226     229     217     238     250     229     237     244
  529:     235     227     241     243     206     235     207     212
  537:     223     219     241     192     226     234     221     244
  545:     239     220     249     210     215     219     205     246
  553:     205     207     221     219     203     202     224     214
  561:     200     237     189     226     203     204     214     201
  569:     223     224     201     197     208     207     196     193
  577:     204     179     202     212     218     196     186     188
  585:     212     189     175     193     180     183     219     212
  593:     217     213     186     192     199     181     198     181
  601:     162     214     180     171     180     181     171     152
  609:     200     184     212     194     179     170     178     184
  617:     196     202     173     181     160     203     190     178
  625:     160     168     169     181     170     173     144     163
  633:     162     177     183     181     184     163     151     195
  641:     168     168     195     172     153     182     164     165
  649:     171     174     173     159     210     152     161     183
  657:     168     175     173     145     161     201     163     153
  665:     174     169     140     147     167     181     174     171
  673:     182     176     147     178     163     166     154     165
  681:     171     194     158     183     162     168     181     162
  689:     155     173     156     181     167     174     166     170
  697:     182     156     153     170     174     155     174     156
  705:     170     140     145     157     185     156     164     169
  713:     186     173     185     180     151     160     183     177
  721:     179     186     157     188     163     176     171     169
  729:     156     184     189     181     174     182     190     164
  737:     173     199     182     188     211     195     177     164
  745:     202     184     187     196     179     179     179     171
  753:     186     206     206     206     171     183     202     201
  761:     195     204     178     178     180     194     194     223
  769:     176     207     227     194     250     203     209     219
  777:     202     230     205     218     200     208     201     242
  785:     193     218     223     222     220     204     237     219
  793:     239     207     206     257     237     245     227     216
Channel Data Report             25/02/2022 16:51:07               Page  3

  801:     223     209     221     244     239     224     220     232

         Sample Title:   Sample title.                                 

Channel|------|-------|-------|-------|-------|-------|-------|-------|
  809:     247     247     205     231     244     201     258     219
  817:     229     244     233     210     232     236     240     243
  825:     248     244     232     247     227     248     235     227
  833:     217     248     243     224     189     239     202     242
  841:     244     232     215     247     260     242     235     231
  849:     218     257     215     250     204     204     219     230
  857:     204     222     215     192     192     221     190     217
  865:     220     230     198     181     187     210     185     210
  873:     207     203     187     203     171     202     189     190
  881:     202     198     218     181     174     175     207     196
  889:     204     158     193     164     152     168     184     145
  897:     169     149     155     151     137     120     143     134
  905:     134     113     123     124     132     103      92     121
  913:     106     118      94     122      94     102     107      90
  921:     106      74      80      83      66      66      83      71
  929:      70      70      53      60      63      67      68      58
  937:      55      54      57      54      41      44      41      40
  945:      27      30      43      24      27      29      27      32
  953:      36      24      24      38      24      30      18      34
  961:      24      21      20      22      21      33      14      25
  969:      24      23      22      16      18      18      18      21
  977:      19      17      14      14      18      15      15      20
  985:      17      24      12      16      14      10      15      17
  993:      19      14      13      19      14      15      17      21
 1001:      17      18      11      10      17      19      18       9
 1009:      16      11      11      18      16      12      16      13
 1017:      12      18      20      14      21       9      18      15
