Channel Data Report             25/02/2022 12:20:55               Page  1


         *******************************************************
         *****   S P E C T R A L   D A T A   R E P O R T   *****
         *******************************************************


         Sample Title:   Sample title.                                 

         Elapsed Live time:     78449
         Elapsed Real Time:     78459

Channel|------|-------|-------|-------|-------|-------|-------|-------|
    1:       0       0       0       0       0       0       0     261
    9:    5530    3691    2640    2078    1849    1605    1389    1368
   17:    1384    1224    1293    1227    1204    1185    1188    1196
   25:    1108    1092    1127    1194    1135    1178    1095    1122
   33:    1285    1166    1328    1305    1398    1480    1726    1645
   41:    1613    1669    1643    1550    1440    1470    1319    1353
   49:    1291    1262    1310    1260    1230    1310    1288    1303
   57:    1319    1380    1410    1507    1478    1514    1492    1524
   65:    1482    1492    1391    1406    1397    1431    1442    1424
   73:    1426    1407    1423    1468    1447    1438    1467    1438
   81:    1479    1521    1544    1571    1555    1621    1706    1767
   89:    1880    2030    2003    2148    2494    2604    2886    3108
   97:    3301    3724    3895    4178    4524    4630    4730    4743
  105:    4831    4730    4615    4657    4441    4350    4166    4120
  113:    3914    3879    3791    3701    3542    3459    3541    3399
  121:    3293    3186    3219    3052    3054    2890    2795    2758
  129:    2631    2583    2568    2489    2506    2437    2398    2487
  137:    2494    2522    2474    2380    2464    2420    2412    2396
  145:    2438    2453    2533    2397    2420    2536    2457    2463
  153:    2515    2491    2557    2503    2565    2547    2531    2610
  161:    2507    2485    2541    2653    2589    2485    2612    2588
  169:    2587    2639    2446    2602    2632    2620    2434    2524
  177:    2629    2466    2538    2648    2624    2487    2504    2653
  185:    2486    2532    2540    2468    2592    2560    2474    2475
  193:    2412    2578    2437    2490    2459    2490    2448    2475
  201:    2418    2444    2398    2461    2465    2442    2434    2405
  209:    2330    2450    2324    2359    2320    2370    2408    2323
  217:    2360    2436    2325    2339    2342    2284    2335    2310
  225:    2274    2361    2305    2243    2181    2292    2263    2230
  233:    2325    2163    2208    2188    2269    2232    2152    2276
  241:    2156    2241    2181    2208    2137    2193    2215    2082
  249:    2123    2098    2103    2099    2209    2077    2043    2024
  257:    2108    2086    2026    2121    2069    1997    2035    2024
  265:    2024    1890    1999    2039    1906    1941    1947    1877
  273:    1916    1877    1883    1972    1817    1908    1834    1860
  281:    1940    1923    1920    1868    1719    1788    1770    1761
  289:    1781    1748    1733    1773    1714    1782    1624    1670
  297:    1646    1661    1717    1569    1677    1628    1702    1644
  305:    1633    1652    1594    1580    1594    1581    1563    1613
  313:    1580    1561    1540    1534    1581    1569    1576    1580
  321:    1533    1544    1531    1553    1605    1548    1551    1526
  329:    1495    1519    1558    1506    1516    1491    1476    1558
  337:    1424    1467    1465    1468    1459    1479    1453    1444
  345:    1439    1495    1440    1448    1519    1413    1462    1477
  353:    1472    1503    1486    1458    1520    1510    1552    1486
  361:    1574    1563    1534    1532    1526    1539    1569    1560
Channel Data Report             25/02/2022 12:20:55               Page  2

  369:    1561    1534    1558    1554    1562    1565    1583    1634

         Sample Title:   Sample title.                                 

Channel|------|-------|-------|-------|-------|-------|-------|-------|
  377:    1614    1580    1617    1665    1737    1625    1595    1656
  385:    1649    1632    1623    1588    1712    1547    1599    1537
  393:    1640    1579    1594    1569    1603    1605    1563    1628
  401:    1634    1543    1566    1564    1593    1569    1588    1608
  409:    1482    1562    1520    1499    1501    1492    1481    1428
  417:    1569    1509    1424    1500    1528    1461    1470    1460
  425:    1496    1450    1356    1365    1389    1394    1365    1348
  433:    1316    1325    1373    1303    1298    1285    1278    1240
  441:    1171    1207    1233    1287    1256    1225    1254    1203
  449:    1171    1206    1173    1154    1195    1167    1164    1176
  457:    1140    1172    1164    1113    1081    1163    1106    1137
  465:    1125    1128    1118    1163    1124    1109    1061    1091
  473:    1071    1128    1164    1075    1095    1085    1002    1106
  481:    1105    1126    1103    1127    1117    1071    1082    1153
  489:    1096    1081    1128    1138    1169    1091    1099    1096
  497:    1073    1065    1171    1141    1110    1115    1119    1051
  505:    1126    1057    1072    1052    1061    1112    1074    1065
  513:    1084    1059    1037    1085    1096     990    1014    1042
  521:    1021    1108    1047     972    1039     975     992     967
  529:    1003     995    1019    1019     987    1020     998     985
  537:     949     952     905     947     887     943     945     939
  545:     907     915     913     920     870     915     860     890
  553:     896     856     847     818     832     827     854     874
  561:     860     829     778     800     764     840     799     828
  569:     816     837     774     764     770     753     787     842
  577:     773     754     794     796     752     786     735     798
  585:     769     758     763     790     731     774     777     737
  593:     744     761     794     737     738     739     727     749
  601:     704     725     700     721     754     712     707     736
  609:     670     680     710     716     679     699     709     652
  617:     665     663     673     694     679     662     707     693
  625:     690     652     709     663     682     636     692     654
  633:     647     617     609     605     628     642     598     660
  641:     631     634     596     602     622     599     528     606
  649:     572     579     616     578     564     528     596     536
  657:     635     512     583     548     530     535     547     583
  665:     542     540     560     520     505     516     524     504
  673:     535     502     519     536     491     505     516     482
  681:     503     477     483     507     469     473     407     499
  689:     492     458     461     455     441     470     460     408
  697:     445     437     417     436     427     404     414     425
  705:     449     411     432     431     436     428     413     371
  713:     448     403     412     377     417     373     400     411
  721:     429     406     432     399     391     409     372     374
  729:     420     403     401     365     387     379     357     381
  737:     374     343     385     407     330     376     380     316
  745:     392     339     361     336     344     338     368     393
  753:     344     388     346     333     329     362     332     384
  761:     345     337     351     353     350     330     296     355
  769:     372     349     339     350     343     331     367     335
  777:     338     386     335     359     318     282     337     358
  785:     351     332     323     299     334     339     356     352
  793:     362     343     350     337     349     344     333     355
Channel Data Report             25/02/2022 12:20:55               Page  3

  801:     318     379     324     336     362     360     364     354

         Sample Title:   Sample title.                                 

Channel|------|-------|-------|-------|-------|-------|-------|-------|
  809:     339     320     323     324     349     348     375     341
  817:     350     328     356     351     310     292     327     303
  825:     336     315     343     319     310     317     307     336
  833:     307     305     294     285     300     288     274     304
  841:     289     263     294     284     276     285     280     269
  849:     252     271     251     249     239     271     255     227
  857:     252     241     245     199     217     217     230     196
  865:     196     214     223     196     188     210     204     214
  873:     198     219     193     171     202     174     178     183
  881:     173     177     169     174     166     172     149     143
  889:     145     152     171     180     151     139     174     138
  897:     162     151     144     137     149     143     149     144
  905:     146     131     164     134     133     112     123     112
  913:     121     114     117     133     139     136     115     129
  921:     131     111     113     129     104     115     107     123
  929:     123     106     119     111     114      94     108      94
  937:     107      98     121     102     120     108     111      97
  945:      90     102     104      87     107      93      91     121
  953:     102     119      96     109      87     100     101      97
  961:      86      98      99      97      94     103      96      94
  969:      95     109     114      95      96      90      91      90
  977:     106      73      88      99      99      87      95      90
  985:      93     103      91      75      90      81      98     104
  993:     101      93      75     115     106      83     104      97
 1001:      94      87     104      86      75     103      86      75
 1009:      90      71      86      94      79      79     104      91
 1017:      92      84      88     102      83      76      91      99
